349116851851851942039720510110313  1110210    1100002   181 775310000A73030 60600015164060999  00033337              CI-TX-000821-000                 
349116851851851942039720510110313  2210210    1100002   181 775310000A73030 60600000025060999  00000054              CI-TX-000821-000                 
349116851851851942039720510110313  5110210    1100002   181 775310000A73030 60600000493060999  00005860              CI-TX-000821-000                 
349116851851851942039720510270313  11 1110 9  1100002   181 775310000A73030 606000151640609990600071733              CI-TX-000821-000                 
349116851851851942039720510270313  22 1110 9  1100002   181 775310000A73030 606000000250609990600000120              CI-TX-000821-000                 
349116851851851942061720510110311  1110409    1050004   181 785500000781818 60680001060068999  00002939              CI-TX-000773-000                 
349116851851851942061720510110311  1110409    1050004   181 785500000T41818 60680000113068999  00000950              CI-TX-000773-000                 
349116851851851942061720510270311  11 1109 9  1050004   181 785500000781818 606800010600689990500003704              CI-TX-000773-000                 
349116851851851942061720510270311  11 1109 9  1050004   181 785500000T41818 606800001130689990500000669              CI-TX-000773-000                 
349116851851851942113720510110311  1110409    1050004   181 752060000351515 60750000400075999  00001146              CI-TX-000741-000                 
349116851851851942113720510110311  1110409    1050004   181 752140000601515 60750001275075999  00002759              CI-TX-000741-000                 
349116851851851942113720510110311  5110409    1050004   181 752060000351515 60750000075075999  00000170              CI-TX-000741-000                 
349116851851851942113720510110311  5110409    1050004   181 752140000601515 60750000201075999  00000460              CI-TX-000741-000                 
349116851851851942113720510270311  11 1109 9  1050004   181 752060000351515 607500004000759999900000254              CI-TX-000741-000                 
349116851851851942113720510270311  11 1109 9  1050004   181 752140000601515 607500012750759999900000858              CI-TX-000741-000                 
349116851851851942121720510110311  1110209    1050002   181 750340000A82121 61400001596140999  00003307              CI-TX-000801-000                 
349116851851851942121720510270311  11 1109 9  1050002   181 750340000A82121 614000015961409999900001018              CI-TX-000801-000                 
349116851851851942215720510110311  1110409    1050004   181 785010000T41818 60680000301068999  00001144              CI-TX-000773-000                 
349116851851851942215720510110311  1110409    1050004   181 785010000T41818 60680000737068999  00001555              CI-TX-000773-000                 
349116851851851942215720510270311  11 1109 9  1050004   181 785010000T41818 606800003010689990500000256              CI-TX-000773-000                 
349116851851851942215720510270311  11 1109 9  1050004   181 785010000T41818 606800007370689990500000624              CI-TX-000773-000                 
349116851851851942355720510110312  1110210    1100004   181 784140000T33030 60620003936062999  00020007              CI-TX-000745-000                 
349116851851851942355720510110312  2210210    1100004   181 784140000T33030 60620000009062999  00000134              CI-TX-000745-000                 
349116851851851942355720510110312  5110210    1100004   181 784140000T33030 60620000096062999  00004706              CI-TX-000745-000                 
349116851851851942355720510270312  11 1110 9  1100004   181 784140000T33030 606200039360629990800048911              CI-TX-000745-000                 
349116851851851942355720510270312  22 1110 9  1100004   181 784140000T33030 606200000090629990800000326              CI-TX-000745-000                 
349116861861861942085590510110333  1110210    1100002   181 750930000T60101 61290027660129999  00083748              CI-TX-000754-000                 
349116861861861942085590510110333  2210210    1100002   181 750930000T60101 61290000011129999  00000017              CI-TX-000754-000                 
349116861861861942085590510270333  11 1110 9  1100002   181 750930000T60101 612900276601299990600051022              CI-TX-000754-000                 
349116861861861942085590510270333  22 1110 9  1100002   181 750930000T60101 612900000111299990600000010              CI-TX-000754-000                 
349116861861861942113720510110312  1110209    1050002   181 750630000A12222 61000014381100999  00028380              CI-TX-000938-000                 
349116861861861942113720510110312  1110209    1050004   181 750520000A80505 60700027662070999  00052967              CI-TX-000877-000                 
349116861861861942113720510110312  2210209    1050004   181 750520000A80505 60700000436070999  00000542              CI-TX-000877-000                 
349116861861861942113720510110312  5110209    1050004   181 750520000A80505 60700004395070999  00012180              CI-TX-000877-000                 
349116861861861942113720510270312  11 1109 9  1050002   181 750630000A12222 610000143811009990500014019              CI-TX-000938-000                 
349116861861861942113720510270312  11 1109 9  1050004   181 750520000A80505 607000276620709990600011547              CI-TX-000877-000                 
349116861861861942113720510270312  22 1109 9  1050004   181 750520000A80505 607000004360709990600000136              CI-TX-000877-000                 
349116861861861942157720510110311  1110209    1050004   181 774060000A50707 60640014173064999  00041499              CI-TX-000895-000                 
349116861861861942157720510110311  2210209    1050004   181 774060000A50707 60640000200064999  00000239              CI-TX-000895-000                 
349116861861861942157720510110311  5110209    1050004   181 774060000A50707 60640002931064999  00011013              CI-TX-000895-000                 
349116861861861942157720510270311  11 1109 9  1050004   181 774060000A50707 606400141730649999900052043              CI-TX-000895-000                 
349116861861861942157720510270311  22 1109 9  1050004   181 774060000A50707 606400002000649999900000328              CI-TX-000895-000                 
349116861861861942439590510110331  1110209    1050002   181 761800000A71515 61180006687118999  00010338              CI-TX-000739-000                 
349116861861861942439590510270331  11 1109 9  1050002   181 761800000A71515 611800066871189990500003996              CI-TX-000739-000                 
